 v1.2.2 

!  STO-6G  EMSL  Basis Set Exchange Library   4/27/17 7:43 AM
! Elements                             References
! --------                             ----------
! H - Ne:  W.J. Hehre, R.F. Stewart and J.A. Pople, J. Chem. Phys. 51, 2657
! (1969).
! Na - Ar:  W.J. Hehre, R. Ditchfield, R.F. Stewart and J.A. Pople,
! J. Chem. Phys. 52, 2769 (1970).
! 



****
H     0 
S   6   1.00
     35.52322122             0.00916359628    
      6.513143725            0.04936149294    
      1.822142904            0.16853830490    
      0.625955266            0.37056279970    
      0.243076747            0.41649152980    
      0.100112428            0.13033408410    
****
He     0 
S   6   1.00
     65.98456824             0.00916359628    
     12.09819836             0.04936149294    
      3.384639924            0.16853830490    
      1.162715163            0.37056279970    
      0.451516322            0.41649152980    
      0.185959356            0.13033408410    
****
Li     0 
S   7   1.00
    167.17584620             0.00916359628    
     30.651508400            0.04936149294    
      8.5751874770           0.16853830490    
      2.9458083370           0.37056279970    
      1.1439435810           0.41649152980    
      0.4711391391           0.13033408410    
      0.0310841655           0.24070617630   
SP   6   1.00
      6.5975639810          -0.01325278809          0.0037596966     
      1.3058300920          -0.04699171014          0.0376793698     
      0.4058510193          -0.03378537151          0.1738967435     
      0.1561455158           0.25024178610          0.4180364347     
      0.0678141039           0.59511725260          0.4258595477     
      0.0310841655           0.24070617630          0.1017082955     
****
Be     0 
S   6   1.00
    312.87049370             0.00916359628    
     57.364462530            0.04936149294    
     16.048509400            0.16853830490    
      5.5130961190           0.37056279970    
      2.1408965530           0.41649152980    
      0.8817394283           0.13033408410    
SP   6   1.00
     13.633247440           -0.01325278809          0.0037596966     
      2.6983754640          -0.04699171014          0.0376793698     
      0.8386530829          -0.03378537151          0.1738967435     
      0.3226600698           0.25024178610          0.4180364347     
      0.1401314882           0.59511725260          0.4258595477     
      0.0642325139           0.24070617630          0.1017082955     
****
B     0 
S   6   1.00
    506.01114720             0.00916359628    
     92.776814208            0.04936149294    
     25.955658144            0.16853830490    
      8.9164451376           0.37056279970    
      3.4625066112           0.41649152980    
      1.4260543128           0.13033408410    
SP   6   1.00
     23.194575000           -0.01325278809          0.00375969662    
      4.5908100000          -0.04699171014          0.03767936984    
      1.4268195000          -0.03378537151          0.17389674350    
      0.5489482500           0.25024178610          0.41803643470    
      0.2384100000           0.59511725260          0.42585954770    
      0.1092802500           0.24070617630          0.10170829550    
****
C     0 
S   6   1.00
    742.7370491              0.00916359628    
    136.1800249              0.04936149294    
     38.09826352             0.16853830490    
     13.08778177             0.37056279970    
      5.082368648            0.41649152980    
      2.093200076            0.13033408410    
SP   6   1.00
     30.49723950            -0.01325278809          0.0037596966     
      6.036199601           -0.04699171014          0.0376793698     
      1.876046337           -0.03378537151          0.1738967435     
      0.7217826470           0.25024178610          0.4180364347     
      0.3134706954           0.59511725260          0.4258595477     
      0.1436865550           0.24070617630          0.1017082955     
****
N     0 
S   6   1.00
   1027.8284580              0.00916359628    
    188.4512226              0.04936149294    
     52.72186097             0.16853830490    
     18.11138217             0.37056279970    
      7.033179691            0.41649152980    
      2.896651794            0.13033408410    
SP   6   1.00
     39.19880787            -0.01325278809          0.0037596966     
      7.758467071           -0.04699171014          0.0376793698     
      2.411325783           -0.03378537151          0.1738967435     
      0.9277239437           0.25024178610          0.4180364347     
      0.4029111410           0.59511725260          0.4258595477     
      0.1846836552           0.24070617630          0.1017082955     
****


